;hud_fov 0.4------------------------------------------------------------------------------------------------
![wpn_ak74u_hud]

        hands_position_16x9                      = -0.001177, 0.001651, 0.100977
        hands_orientation_16x9                   = -1.275088, 0.00, 0

        aim_hud_offset_pos_16x9                  = -0.046695, 0.016954, -0.060307
        aim_hud_offset_rot_16x9                  = 0.002912, -0.066551, 0
   


![wpn_ak74u_kobra_hud]

        aim_hud_offset_pos_16x9                  = -0.046805, 0.016818, -0.060307
        aim_hud_offset_rot_16x9                  = 0.002131, -0.06639, 0

![wpn_ak74u_1p29_hud]

        aim_hud_offset_pos_16x9                  = -0.043613, 0.007218, -0.046789
        aim_hud_offset_rot_16x9                  = 0.002131, -0.06639, 0


![wpn_ak74u_pso1_hud]

        aim_hud_offset_pos_16x9                  = -0.043613, 0.007218, -0.046789
        aim_hud_offset_rot_16x9                  = 0.002131, -0.06639, 0

